region	age	time	sex	H10	H20	H30	H35	H40	H50	H60	H70	H80	H90
All Denmark	18	2006	Men	30002	184	61	12	1	1	0	0	0	641
All Denmark	18	2006	Total	58110	663	149	12	1	3	0	1	0	1090
All Denmark	18	2006	Women	28108	479	88	0	0	2	0	1	0	449
All Denmark	19	2007	Men	24812	5183	222	22	2	5	0	1	0	767
All Denmark	19	2007	Total	44770	13286	727	24	5	10	0	5	0	1402
All Denmark	19	2007	Women	19958	8103	505	2	3	5	0	4	0	635
All Denmark	20	2008	Men	17592	11207	1424	39	10	21	3	3	1	1362
All Denmark	20	2008	Total	29085	27057	2610	71	15	46	5	7	1	2792
All Denmark	20	2008	Women	11493	15850	1186	32	5	25	2	4	0	1430
All Denmark	21	2009	Men	13283	12247	4619	64	83	81	18	8	2	2075
All Denmark	21	2009	Total	22384	28947	7329	133	238	162	44	20	2	4155
All Denmark	21	2009	Women	9101	16700	2710	69	155	81	26	12	0	2080
All Denmark	22	2010	Men	10761	11788	7105	95	301	141	339	26	4	2428
All Denmark	22	2010	Total	18461	27595	11363	186	781	354	813	57	5	4960
All Denmark	22	2010	Women	7700	15807	4258	91	480	213	474	31	1	2532
All Denmark	23	2011	Men	9577	10129	8406	114	687	333	1476	89	6	2663
All Denmark	23	2011	Total	16441	23456	13713	203	1618	1046	3498	191	9	5497
All Denmark	23	2011	Women	6864	13327	5307	89	931	713	2022	102	3	2834
All Denmark	24	2012	Men	8802	8112	9156	103	1057	810	2744	306	12	2625
All Denmark	24	2012	Total	15050	18006	15136	187	2349	2926	6489	660	19	5382
All Denmark	24	2012	Women	6248	9894	5980	84	1292	2116	3745	354	7	2757
All Denmark	25	2013	Men	8193	6355	9668	98	1324	1599	3410	957	22	2452
All Denmark	25	2013	Total	13943	13129	16146	160	2808	5665	8043	2030	40	5040
All Denmark	25	2013	Women	5750	6774	6478	62	1484	4066	4633	1073	18	2588
All Denmark	26	2014	Men	7773	4987	9904	89	1523	2533	3289	2150	34	2156
All Denmark	26	2014	Total	13179	9577	16715	141	3112	8317	7623	4630	58	4379
All Denmark	26	2014	Women	5406	4590	6811	52	1589	5784	4334	2480	24	2223
All Denmark	27	2015	Men	7376	4143	10223	78	1653	3257	2683	3597	60	1814
All Denmark	27	2015	Total	12481	7548	17294	126	3259	10178	6038	7942	107	3475
All Denmark	27	2015	Women	5105	3405	7071	48	1606	6921	3355	4345	47	1661
All Denmark	28	2016	Men	7249	3625	10340	71	1870	3871	2057	5153	122	1320
All Denmark	28	2016	Total	12097	6413	17595	112	3544	11579	4459	11216	219	2441
All Denmark	28	2016	Women	4848	2788	7255	41	1674	7708	2402	6063	97	1121
All Denmark	29	2017	Men	7049	3197	10411	66	1896	4361	1481	6261	159	1204
All Denmark	29	2017	Total	11681	5559	17811	104	3610	12405	3102	13645	279	2130
All Denmark	29	2017	Women	4632	2362	7400	38	1714	8044	1621	7384	120	926
Region Hovedstaden	18	2006	Men	7727	94	4	1	1	1	0	0	0	211
Region Hovedstaden	18	2006	Total	15045	326	27	1	1	1	0	0	0	362
Region Hovedstaden	18	2006	Women	7318	232	23	0	0	0	0	0	0	151
Region Hovedstaden	19	2007	Men	5961	2045	48	0	2	2	0	0	0	266
Region Hovedstaden	19	2007	Total	10762	5007	185	0	4	4	0	2	0	521
Region Hovedstaden	19	2007	Women	4801	2962	137	0	2	2	0	2	0	255
Region Hovedstaden	20	2008	Men	4398	3830	328	0	4	9	0	0	0	531
Region Hovedstaden	20	2008	Total	7500	9117	668	2	6	21	0	2	0	1271
Region Hovedstaden	20	2008	Women	3102	5287	340	2	2	12	0	2	0	740
Region Hovedstaden	21	2009	Men	3619	4642	921	2	35	28	12	2	0	768
Region Hovedstaden	21	2009	Total	6289	10828	1591	8	91	64	29	10	0	1749
Region Hovedstaden	21	2009	Women	2670	6186	670	6	56	36	17	8	0	981
Region Hovedstaden	22	2010	Men	3156	4835	1492	12	97	55	209	7	0	1000
Region Hovedstaden	22	2010	Total	5552	11133	2528	24	287	158	474	23	0	2253
Region Hovedstaden	22	2010	Women	2396	6298	1036	12	190	103	265	16	0	1253
Region Hovedstaden	23	2011	Men	2911	4329	1901	17	244	168	822	38	0	1167
Region Hovedstaden	23	2011	Total	5106	9823	3217	28	604	471	1900	88	0	2645
Region Hovedstaden	23	2011	Women	2195	5494	1316	11	360	303	1078	50	0	1478
Region Hovedstaden	24	2012	Men	2721	3523	2144	20	370	357	1520	155	3	1117
Region Hovedstaden	24	2012	Total	4726	7626	3691	36	881	1210	3551	331	3	2582
Region Hovedstaden	24	2012	Women	2005	4103	1547	16	511	853	2031	176	0	1465
Region Hovedstaden	25	2013	Men	2535	2870	2344	17	469	648	1959	521	4	1081
Region Hovedstaden	25	2013	Total	4413	5815	4058	30	1053	2206	4662	1044	9	2489
Region Hovedstaden	25	2013	Women	1878	2945	1714	13	584	1558	2703	523	5	1408
Region Hovedstaden	26	2014	Men	2406	2229	2519	13	529	1018	1974	1237	12	939
Region Hovedstaden	26	2014	Total	4162	4289	4324	29	1141	3231	4639	2585	19	2159
Region Hovedstaden	26	2014	Women	1756	2060	1805	16	612	2213	2665	1348	7	1220
Region Hovedstaden	27	2015	Men	2277	1862	2633	11	578	1293	1628	2152	28	807
Region Hovedstaden	27	2015	Total	3891	3416	4529	24	1215	3965	3732	4673	44	1726
Region Hovedstaden	27	2015	Women	1614	1554	1896	13	637	2672	2104	2521	16	919
Region Hovedstaden	28	2016	Men	2160	1607	2650	8	642	1561	1212	3151	63	580
Region Hovedstaden	28	2016	Total	3651	2858	4576	22	1302	4559	2691	6732	109	1168
Region Hovedstaden	28	2016	Women	1491	1251	1926	14	660	2998	1479	3581	46	588
Region Hovedstaden	29	2017	Men	2043	1380	2655	8	647	1743	864	3824	81	549
Region Hovedstaden	29	2017	Total	3419	2422	4604	21	1342	4806	1832	8207	144	1025
Region Hovedstaden	29	2017	Women	1376	1042	1949	13	695	3063	968	4383	63	476
Region Midtjylland	18	2006	Men	7170	23	23	0	0	0	0	0	0	125
Region Midtjylland	18	2006	Total	13864	97	38	0	0	1	0	1	0	190
Region Midtjylland	18	2006	Women	6694	74	15	0	0	1	0	1	0	65
Region Midtjylland	19	2007	Men	6222	947	54	1	0	2	0	1	0	186
Region Midtjylland	19	2007	Total	11223	2608	163	2	1	4	0	2	0	304
Region Midtjylland	19	2007	Women	5001	1661	109	1	1	2	0	1	0	118
Region Midtjylland	20	2008	Men	4236	2826	308	12	3	7	3	2	0	332
Region Midtjylland	20	2008	Total	6846	6936	568	18	5	13	4	3	0	600
Region Midtjylland	20	2008	Women	2610	4110	260	6	2	6	1	1	0	268
Region Midtjylland	21	2009	Men	3075	3329	1215	18	19	30	5	2	1	539
Region Midtjylland	21	2009	Total	5078	7890	1860	44	61	49	12	3	1	992
Region Midtjylland	21	2009	Women	2003	4561	645	26	42	19	7	1	0	453
Region Midtjylland	22	2010	Men	2433	3211	1883	32	87	36	52	6	1	575
Region Midtjylland	22	2010	Total	4093	7533	2963	68	213	67	143	16	2	1120
Region Midtjylland	22	2010	Women	1660	4322	1080	36	126	31	91	10	1	545
Region Midtjylland	23	2011	Men	2144	2746	2203	44	187	64	312	21	2	560
Region Midtjylland	23	2011	Total	3596	6353	3541	84	435	181	785	48	4	1179
Region Midtjylland	23	2011	Women	1452	3607	1338	40	248	117	473	27	2	619
Region Midtjylland	24	2012	Men	1963	2111	2387	40	319	188	650	53	3	574
Region Midtjylland	24	2012	Total	3274	4786	3889	74	666	578	1581	136	8	1157
Region Midtjylland	24	2012	Women	1311	2675	1502	34	347	390	931	83	5	583
Region Midtjylland	25	2013	Men	1822	1598	2489	42	409	392	826	159	11	556
Region Midtjylland	25	2013	Total	3040	3323	4126	67	811	1320	1927	387	17	1068
Region Midtjylland	25	2013	Women	1218	1725	1637	25	402	928	1101	228	6	512
Region Midtjylland	26	2014	Men	1723	1204	2515	42	455	662	750	403	15	477
Region Midtjylland	26	2014	Total	2872	2269	4207	62	879	2079	1715	926	20	915
Region Midtjylland	26	2014	Women	1149	1065	1692	20	424	1417	965	523	5	438
Region Midtjylland	27	2015	Men	1632	947	2573	38	485	834	561	670	22	385
Region Midtjylland	27	2015	Total	2717	1689	4320	56	880	2539	1259	1556	32	658
Region Midtjylland	27	2015	Women	1085	742	1747	18	395	1705	698	886	10	273
Region Midtjylland	28	2016	Men	1628	826	2567	38	544	963	423	916	35	257
Region Midtjylland	28	2016	Total	2667	1425	4338	54	948	2818	889	2116	58	452
Region Midtjylland	28	2016	Women	1039	599	1771	16	404	1855	466	1200	23	195
Region Midtjylland	29	2017	Men	1603	717	2599	34	547	1085	283	1099	47	242
Region Midtjylland	29	2017	Total	2621	1228	4380	46	955	3009	567	2524	72	398
Region Midtjylland	29	2017	Women	1018	511	1781	12	408	1924	284	1425	25	156
Region Nordjylland	18	2006	Men	3533	14	13	6	0	0	0	0	0	73
Region Nordjylland	18	2006	Total	6727	50	21	6	0	0	0	0	0	114
Region Nordjylland	18	2006	Women	3194	36	8	0	0	0	0	0	0	41
Region Nordjylland	19	2007	Men	2972	532	21	9	0	0	0	0	0	76
Region Nordjylland	19	2007	Total	5319	1328	55	10	0	0	0	0	0	131
Region Nordjylland	19	2007	Women	2347	796	34	1	0	0	0	0	0	55
Region Nordjylland	20	2008	Men	2164	1188	179	13	1	0	0	0	0	116
Region Nordjylland	20	2008	Total	3503	2848	260	28	1	1	0	0	0	212
Region Nordjylland	20	2008	Women	1339	1660	81	15	0	1	0	0	0	96
Region Nordjylland	21	2009	Men	1572	1236	608	26	5	2	1	2	1	175
Region Nordjylland	21	2009	Total	2542	2907	911	49	20	5	1	3	1	324
Region Nordjylland	21	2009	Women	970	1671	303	23	15	3	0	1	0	149
Region Nordjylland	22	2010	Men	1204	1145	975	31	22	8	43	5	2	212
Region Nordjylland	22	2010	Total	1980	2644	1492	56	69	21	84	6	2	390
Region Nordjylland	22	2010	Women	776	1499	517	25	47	13	41	1	0	178
Region Nordjylland	23	2011	Men	1064	942	1110	25	58	22	196	12	3	260
Region Nordjylland	23	2011	Total	1740	2110	1762	43	148	91	415	18	3	463
Region Nordjylland	23	2011	Women	676	1168	652	18	90	69	219	6	0	203
Region Nordjylland	24	2012	Men	977	744	1188	19	84	54	311	42	2	265
Region Nordjylland	24	2012	Total	1594	1570	1902	34	189	287	648	81	2	456
Region Nordjylland	24	2012	Women	617	826	714	15	105	233	337	39	0	191
Region Nordjylland	25	2013	Men	900	545	1246	13	111	128	288	136	3	237
Region Nordjylland	25	2013	Total	1458	1072	2002	22	233	548	577	301	4	396
Region Nordjylland	25	2013	Women	558	527	756	9	122	420	289	165	1	159
Region Nordjylland	26	2014	Men	857	434	1239	11	146	232	206	234	2	228
Region Nordjylland	26	2014	Total	1378	788	2028	17	283	776	421	491	3	371
Region Nordjylland	26	2014	Women	521	354	789	6	137	544	215	257	1	143
Region Nordjylland	27	2015	Men	815	349	1261	11	140	307	164	293	6	184
Region Nordjylland	27	2015	Total	1310	602	2071	18	281	949	299	633	8	312
Region Nordjylland	27	2015	Women	495	253	810	7	141	642	135	340	2	128
Region Nordjylland	28	2016	Men	823	290	1276	12	172	341	130	393	14	140
Region Nordjylland	28	2016	Total	1297	498	2112	17	318	1039	238	796	18	223
Region Nordjylland	28	2016	Women	474	208	836	5	146	698	108	403	4	83
Region Nordjylland	29	2017	Men	812	257	1271	11	173	356	104	441	15	115
Region Nordjylland	29	2017	Total	1263	440	2134	16	314	1096	196	877	20	183
Region Nordjylland	29	2017	Women	451	183	863	5	141	740	92	436	5	68
Region Sjlland	18	2006	Men	4555	25	7	1	0	0	0	0	0	116
Region Sjlland	18	2006	Total	8711	88	24	1	0	0	0	0	0	201
Region Sjlland	18	2006	Women	4156	63	17	0	0	0	0	0	0	85
Region Sjlland	19	2007	Men	3706	705	26	2	0	0	0	0	0	112
Region Sjlland	19	2007	Total	6587	1769	103	2	0	1	0	1	0	199
Region Sjlland	19	2007	Women	2881	1064	77	0	0	1	0	1	0	87
Region Sjlland	20	2008	Men	2676	1244	249	3	1	1	0	0	0	163
Region Sjlland	20	2008	Total	4406	2891	444	3	1	5	0	1	0	290
Region Sjlland	20	2008	Women	1730	1647	195	0	0	4	0	1	0	127
Region Sjlland	21	2009	Men	2032	1034	683	1	9	6	0	0	0	207
Region Sjlland	21	2009	Total	3402	2396	1084	1	28	15	1	2	0	375
Region Sjlland	21	2009	Women	1370	1362	401	0	19	9	1	2	0	168
Region Sjlland	22	2010	Men	1630	796	996	1	35	14	10	4	1	201
Region Sjlland	22	2010	Total	2779	1911	1595	1	77	39	29	7	1	365
Region Sjlland	22	2010	Women	1149	1115	599	0	42	25	19	3	0	164
Region Sjlland	23	2011	Men	1441	634	1143	1	61	28	24	8	1	196
Region Sjlland	23	2011	Total	2454	1510	1887	2	147	120	83	16	1	367
Region Sjlland	23	2011	Women	1013	876	744	1	86	92	59	8	0	171
Region Sjlland	24	2012	Men	1300	530	1256	2	81	72	47	17	1	188
Region Sjlland	24	2012	Total	2228	1182	2068	3	200	296	145	32	1	364
Region Sjlland	24	2012	Women	928	652	812	1	119	224	98	15	0	176
Region Sjlland	25	2013	Men	1208	425	1312	1	105	125	47	43	1	165
Region Sjlland	25	2013	Total	2071	882	2198	2	240	504	157	82	2	313
Region Sjlland	25	2013	Women	863	457	886	1	135	379	110	39	1	148
Region Sjlland	26	2014	Men	1161	365	1342	0	116	180	50	78	3	151
Region Sjlland	26	2014	Total	1989	694	2297	0	279	695	151	166	4	273
Region Sjlland	26	2014	Women	828	329	955	0	163	515	101	88	1	122
Region Sjlland	27	2015	Men	1088	338	1408	0	139	234	62	116	1	149
Region Sjlland	27	2015	Total	1888	626	2408	0	311	842	143	286	4	242
Region Sjlland	27	2015	Women	800	288	1000	0	172	608	81	170	3	93
Region Sjlland	28	2016	Men	1110	310	1475	0	164	291	64	180	4	131
Region Sjlland	28	2016	Total	1893	566	2542	0	350	1011	144	429	12	213
Region Sjlland	28	2016	Women	783	256	1067	0	186	720	80	249	8	82
Region Sjlland	29	2017	Men	1124	302	1510	0	170	362	58	244	6	115
Region Sjlland	29	2017	Total	1896	539	2621	0	369	1150	143	570	15	191
Region Sjlland	29	2017	Women	772	237	1111	0	199	788	85	326	9	76
Region Syddanmark	18	2006	Men	7017	28	14	4	0	0	0	0	0	116
Region Syddanmark	18	2006	Total	13763	102	39	4	0	1	0	0	0	223
Region Syddanmark	18	2006	Women	6746	74	25	0	0	1	0	0	0	107
Region Syddanmark	19	2007	Men	5951	954	73	10	0	1	0	0	0	127
Region Syddanmark	19	2007	Total	10879	2574	221	10	0	1	0	0	0	247
Region Syddanmark	19	2007	Women	4928	1620	148	0	0	0	0	0	0	120
Region Syddanmark	20	2008	Men	4118	2119	360	11	1	4	0	1	1	220
Region Syddanmark	20	2008	Total	6830	5265	670	20	2	6	1	1	1	419
Region Syddanmark	20	2008	Women	2712	3146	310	9	1	2	1	0	0	199
Region Syddanmark	21	2009	Men	2985	2006	1192	17	15	15	0	2	0	386
Region Syddanmark	21	2009	Total	5073	4926	1883	31	38	29	1	2	0	715
Region Syddanmark	21	2009	Women	2088	2920	691	14	23	14	1	0	0	329
Region Syddanmark	22	2010	Men	2338	1801	1759	19	60	28	25	4	0	440
Region Syddanmark	22	2010	Total	4057	4374	2785	37	135	69	83	5	0	832
Region Syddanmark	22	2010	Women	1719	2573	1026	18	75	41	58	1	0	392
Region Syddanmark	23	2011	Men	2017	1478	2049	27	137	51	122	10	0	480
Region Syddanmark	23	2011	Total	3545	3660	3306	46	284	183	315	21	1	843
Region Syddanmark	23	2011	Women	1528	2182	1257	19	147	132	193	11	1	363
Region Syddanmark	24	2012	Men	1841	1204	2181	22	203	139	216	39	3	481
Region Syddanmark	24	2012	Total	3228	2842	3586	40	413	555	564	80	5	823
Region Syddanmark	24	2012	Women	1387	1638	1405	18	210	416	348	41	2	342
Region Syddanmark	25	2013	Men	1728	917	2277	25	230	306	290	98	3	413
Region Syddanmark	25	2013	Total	2961	2037	3762	39	471	1087	720	216	8	774
Region Syddanmark	25	2013	Women	1233	1120	1485	14	241	781	430	118	5	361
Region Syddanmark	26	2014	Men	1626	755	2289	23	277	441	309	198	2	361
Region Syddanmark	26	2014	Total	2778	1537	3859	33	530	1536	697	462	12	661
Region Syddanmark	26	2014	Women	1152	782	1570	10	253	1095	388	264	10	300
Region Syddanmark	27	2015	Men	1564	647	2348	18	311	589	268	366	3	289
Region Syddanmark	27	2015	Total	2675	1215	3966	28	572	1883	605	794	19	537
Region Syddanmark	27	2015	Women	1111	568	1618	10	261	1294	337	428	16	248
Region Syddanmark	28	2016	Men	1528	592	2372	13	348	715	228	513	6	212
Region Syddanmark	28	2016	Total	2589	1066	4027	19	626	2152	497	1143	22	385
Region Syddanmark	28	2016	Women	1061	474	1655	6	278	1437	269	630	16	173
Region Syddanmark	29	2017	Men	1467	541	2376	13	359	815	172	653	10	183
Region Syddanmark	29	2017	Total	2482	930	4072	21	630	2344	364	1467	28	333
Region Syddanmark	29	2017	Women	1015	389	1696	8	271	1529	192	814	18	150
