sex	region	time	cohort	age	Part of pop with H10 Primary education	Part of pop with H20 Upper secondary education	Part of pop with H30 Vocational Education and Training (VET)	Part of pop with H35 Qualifying educational programmes	Part of pop with H40 Short cycle higher education	Part of pop with H50 Vocational bachelors educations	Part of pop with H60 Bachelors programmes	Part of pop with H70 Masters programmes	Part of pop with H80 PhD programmes	Part of pop with H90 Not stated	H10 Primary education	H20 Upper secondary education	H30 Vocational Education and Training (VET)	H35 Qualifying educational programmes	H40 Short cycle higher education	H50 Vocational bachelors educations	H60 Bachelors programmes	H70 Masters programmes	H80 PhD programmes	H90 Not stated
Men	Albertslund	2017	1987	29	0.305	0.096	0.222	0.000	0.054	0.120	0.018	0.126	0.006	0.054	51	16	37	0	9	20	3	21	1	9
Men	All Denmark	2017	1987	29	0.195	0.089	0.289	0.002	0.053	0.121	0.041	0.174	0.004	0.033	7049	3197	10411	66	1896	4361	1481	6261	159	1204
Men	Allerød	2017	1987	29	0.152	0.106	0.288	0.000	0.030	0.121	0.045	0.227	0.000	0.030	10	7	19	0	2	8	3	15	0	2
Men	Assens	2017	1987	29	0.251	0.088	0.398	0.000	0.058	0.117	0.012	0.053	0.000	0.023	43	15	68	0	10	20	2	9	0	4
Men	Ballerup	2017	1987	29	0.285	0.095	0.302	0.004	0.062	0.099	0.012	0.107	0.000	0.033	69	23	73	1	15	24	3	26	0	8
Men	Billund	2017	1987	29	0.210	0.070	0.469	0.000	0.077	0.098	0.014	0.042	0.000	0.021	30	10	67	0	11	14	2	6	0	3
Men	Bornholm	2017	1987	29	0.282	0.056	0.472	0.000	0.007	0.070	0.028	0.063	0.000	0.021	40	8	67	0	1	10	4	9	0	3
Men	Brøndby	2017	1987	29	0.263	0.091	0.371	0.000	0.034	0.108	0.017	0.078	0.004	0.034	61	21	86	0	8	25	4	18	1	8
Men	Brønderslev	2017	1987	29	0.259	0.047	0.446	0.005	0.067	0.114	0.010	0.021	0.000	0.031	50	9	86	1	13	22	2	4	0	6
Men	Copenhagen	2017	1987	29	0.101	0.105	0.132	0.001	0.044	0.140	0.086	0.348	0.006	0.038	753	783	985	5	326	1050	642	2603	44	283
Men	Dragør	2017	1987	29	0.162	0.054	0.324	0.000	0.108	0.135	0.027	0.108	0.000	0.081	6	2	12	0	4	5	1	4	0	3
Men	Egedal	2017	1987	29	0.208	0.054	0.430	0.000	0.060	0.107	0.013	0.087	0.000	0.040	31	8	64	0	9	16	2	13	0	6
Men	Esbjerg	2017	1987	29	0.198	0.080	0.384	0.004	0.058	0.128	0.021	0.105	0.000	0.021	143	58	277	3	42	92	15	76	0	15
Men	Fanø	2017	1987	29	0.500	0.000	0.000	0.000	0.000	0.000	0.000	0.250	0.000	0.250	2	0	0	0	0	0	0	1	0	1
Men	Favrskov	2017	1987	29	0.207	0.064	0.384	0.000	0.089	0.158	0.010	0.069	0.010	0.010	42	13	78	0	18	32	2	14	2	2
Men	Faxe	2017	1987	29	0.271	0.083	0.453	0.000	0.044	0.077	0.006	0.050	0.006	0.011	49	15	82	0	8	14	1	9	1	2
Men	Fredensborg	2017	1987	29	0.270	0.074	0.301	0.000	0.061	0.086	0.031	0.098	0.006	0.074	44	12	49	0	10	14	5	16	1	12
Men	Fredericia	2017	1987	29	0.251	0.107	0.391	0.000	0.062	0.111	0.012	0.049	0.000	0.016	61	26	95	0	15	27	3	12	0	4
Men	Frederiksberg	2017	1987	29	0.080	0.083	0.097	0.000	0.044	0.129	0.091	0.432	0.006	0.038	84	87	102	0	46	136	96	454	6	40
Men	Frederikshavn	2017	1987	29	0.249	0.060	0.492	0.000	0.050	0.086	0.003	0.033	0.000	0.027	75	18	148	0	15	26	1	10	0	8
Men	Frederikssund	2017	1987	29	0.275	0.095	0.450	0.000	0.048	0.042	0.005	0.037	0.000	0.048	52	18	85	0	9	8	1	7	0	9
Men	Furesø	2017	1987	29	0.210	0.134	0.229	0.000	0.070	0.096	0.025	0.172	0.025	0.038	33	21	36	0	11	15	4	27	4	6
Men	Faaborg-Midtfyn	2017	1987	29	0.220	0.084	0.467	0.004	0.053	0.075	0.022	0.044	0.000	0.031	50	19	106	1	12	17	5	10	0	7
Men	Gentofte	2017	1987	29	0.151	0.099	0.133	0.000	0.052	0.160	0.043	0.287	0.012	0.062	49	32	43	0	17	52	14	93	4	20
Men	Gladsaxe	2017	1987	29	0.178	0.103	0.202	0.002	0.065	0.132	0.024	0.238	0.017	0.038	74	43	84	1	27	55	10	99	7	16
Men	Glostrup	2017	1987	29	0.240	0.097	0.320	0.000	0.080	0.091	0.006	0.143	0.000	0.023	42	17	56	0	14	16	1	25	0	4
Men	Greve	2017	1987	29	0.250	0.107	0.337	0.000	0.036	0.112	0.015	0.102	0.000	0.041	49	21	66	0	7	22	3	20	0	8
Men	Gribskov	2017	1987	29	0.299	0.080	0.401	0.007	0.007	0.102	0.022	0.066	0.000	0.015	41	11	55	1	1	14	3	9	0	2
Men	Guldborgsund	2017	1987	29	0.330	0.104	0.354	0.000	0.031	0.080	0.010	0.052	0.000	0.038	95	30	102	0	9	23	3	15	0	11
Men	Haderslev	2017	1987	29	0.270	0.100	0.437	0.000	0.037	0.089	0.011	0.041	0.000	0.015	73	27	118	0	10	24	3	11	0	4
Men	Halsnæs	2017	1987	29	0.308	0.075	0.425	0.000	0.058	0.050	0.000	0.033	0.000	0.050	37	9	51	0	7	6	0	4	0	6
Men	Hedensted	2017	1987	29	0.251	0.076	0.445	0.000	0.047	0.071	0.005	0.052	0.000	0.052	53	16	94	0	10	15	1	11	0	11
Men	Helsingør	2017	1987	29	0.276	0.092	0.356	0.000	0.040	0.108	0.012	0.100	0.000	0.016	69	23	89	0	10	27	3	25	0	4
Men	Herlev	2017	1987	29	0.247	0.113	0.267	0.000	0.020	0.140	0.033	0.147	0.000	0.033	37	17	40	0	3	21	5	22	0	5
Men	Herning	2017	1987	29	0.210	0.081	0.383	0.005	0.076	0.115	0.009	0.081	0.004	0.036	117	45	213	3	42	64	5	45	2	20
Men	Hillerød	2017	1987	29	0.195	0.051	0.316	0.000	0.084	0.163	0.009	0.116	0.005	0.060	42	11	68	0	18	35	2	25	1	13
Men	Hjørring	2017	1987	29	0.272	0.054	0.434	0.003	0.045	0.078	0.015	0.069	0.003	0.027	91	18	145	1	15	26	5	23	1	9
Men	Holbæk	2017	1987	29	0.333	0.065	0.401	0.000	0.039	0.084	0.016	0.049	0.000	0.013	103	20	124	0	12	26	5	15	0	4
Men	Holstebro	2017	1987	29	0.249	0.085	0.394	0.003	0.068	0.119	0.011	0.054	0.003	0.014	88	30	139	1	24	42	4	19	1	5
Men	Horsens	2017	1987	29	0.241	0.082	0.371	0.007	0.055	0.136	0.014	0.055	0.002	0.036	135	46	208	4	31	76	8	31	1	20
Men	Hvidovre	2017	1987	29	0.251	0.111	0.347	0.000	0.041	0.079	0.044	0.105	0.003	0.020	86	38	119	0	14	27	15	36	1	7
Men	Høje-Taastrup	2017	1987	29	0.264	0.110	0.286	0.000	0.072	0.101	0.022	0.082	0.009	0.053	84	35	91	0	23	32	7	26	3	17
Men	Hørsholm	2017	1987	29	0.197	0.158	0.237	0.000	0.079	0.079	0.013	0.211	0.000	0.026	15	12	18	0	6	6	1	16	0	2
Men	Ikast-Brande	2017	1987	29	0.264	0.053	0.399	0.014	0.077	0.087	0.005	0.043	0.010	0.048	55	11	83	3	16	18	1	9	2	10
Men	Ishøj	2017	1987	29	0.200	0.140	0.293	0.000	0.067	0.107	0.013	0.133	0.000	0.047	30	21	44	0	10	16	2	20	0	7
Men	Jammerbugt	2017	1987	29	0.311	0.071	0.415	0.005	0.038	0.066	0.011	0.033	0.000	0.049	57	13	76	1	7	12	2	6	0	9
Men	Kalundborg	2017	1987	29	0.343	0.043	0.448	0.000	0.029	0.043	0.014	0.048	0.005	0.029	72	9	94	0	6	9	3	10	1	6
Men	Kerteminde	2017	1987	29	0.286	0.086	0.381	0.010	0.019	0.133	0.000	0.048	0.000	0.038	30	9	40	1	2	14	0	5	0	4
Men	Kolding	2017	1987	29	0.213	0.075	0.325	0.000	0.080	0.132	0.021	0.121	0.000	0.034	114	40	174	0	43	71	11	65	0	18
Men	Køge	2017	1987	29	0.261	0.094	0.401	0.000	0.057	0.104	0.003	0.057	0.003	0.020	78	28	120	0	17	31	1	17	1	6
Men	Langeland	2017	1987	29	0.291	0.073	0.436	0.000	0.018	0.073	0.000	0.055	0.000	0.055	16	4	24	0	1	4	0	3	0	3
Men	Lejre	2017	1987	29	0.208	0.038	0.406	0.000	0.038	0.104	0.019	0.160	0.000	0.028	22	4	43	0	4	11	2	17	0	3
Men	Lemvig	2017	1987	29	0.237	0.052	0.505	0.000	0.021	0.082	0.010	0.082	0.000	0.010	23	5	49	0	2	8	1	8	0	1
Men	Lolland	2017	1987	29	0.368	0.079	0.395	0.000	0.021	0.074	0.005	0.026	0.000	0.032	70	15	75	0	4	14	1	5	0	6
Men	Lyngby-Taarbæk	2017	1987	29	0.166	0.113	0.204	0.000	0.031	0.119	0.028	0.276	0.016	0.047	53	36	65	0	10	38	9	88	5	15
Men	Læsø	2017	1987	29	0.400	0.200	0.200	0.000	0.000	0.200	0.000	0.000	0.000	0.000	2	1	1	0	0	1	0	0	0	0
Men	Mariagerfjord	2017	1987	29	0.266	0.041	0.456	0.000	0.036	0.101	0.012	0.053	0.000	0.036	45	7	77	0	6	17	2	9	0	6
Men	Middelfart	2017	1987	29	0.313	0.021	0.417	0.000	0.042	0.111	0.021	0.063	0.000	0.014	45	3	60	0	6	16	3	9	0	2
Men	Morsø	2017	1987	29	0.322	0.008	0.438	0.000	0.066	0.066	0.017	0.041	0.008	0.033	39	1	53	0	8	8	2	5	1	4
Men	Norddjurs	2017	1987	29	0.216	0.105	0.484	0.000	0.058	0.053	0.011	0.032	0.005	0.037	41	20	92	0	11	10	2	6	1	7
Men	Nordfyns	2017	1987	29	0.230	0.024	0.429	0.000	0.048	0.119	0.032	0.103	0.000	0.016	29	3	54	0	6	15	4	13	0	2
Men	Nyborg	2017	1987	29	0.298	0.121	0.379	0.000	0.024	0.113	0.008	0.040	0.000	0.016	37	15	47	0	3	14	1	5	0	2
Men	Næstved	2017	1987	29	0.214	0.077	0.447	0.000	0.047	0.130	0.014	0.033	0.000	0.040	92	33	192	0	20	56	6	14	0	17
Men	Odder	2017	1987	29	0.218	0.057	0.494	0.000	0.034	0.115	0.023	0.046	0.000	0.011	19	5	43	0	3	10	2	4	0	1
Men	Odense	2017	1987	29	0.172	0.109	0.254	0.004	0.055	0.152	0.056	0.166	0.004	0.029	265	168	391	6	85	234	87	256	6	44
Men	Odsherred	2017	1987	29	0.388	0.052	0.403	0.000	0.022	0.060	0.000	0.037	0.000	0.037	52	7	54	0	3	8	0	5	0	5
Men	Randers	2017	1987	29	0.239	0.083	0.415	0.000	0.085	0.076	0.019	0.053	0.005	0.025	136	47	236	0	48	43	11	30	3	14
Men	Rebild	2017	1987	29	0.234	0.062	0.393	0.007	0.041	0.083	0.014	0.145	0.000	0.021	34	9	57	1	6	12	2	21	0	3
Men	Region Hovedstaden	2017	1987	29	0.148	0.100	0.192	0.001	0.047	0.126	0.063	0.277	0.006	0.040	2043	1380	2655	8	647	1743	864	3824	81	549
Men	Region Midtjylland	2017	1987	29	0.194	0.087	0.315	0.004	0.066	0.131	0.034	0.133	0.006	0.029	1603	717	2599	34	547	1085	283	1099	47	242
Men	Region Nordjylland	2017	1987	29	0.228	0.072	0.358	0.003	0.049	0.100	0.029	0.124	0.004	0.032	812	257	1271	11	173	356	104	441	15	115
Men	Region Sjælland	2017	1987	29	0.289	0.078	0.388	0.000	0.044	0.093	0.015	0.063	0.002	0.030	1124	302	1510	0	170	362	58	244	6	115
Men	Region Syddanmark	2017	1987	29	0.223	0.082	0.361	0.002	0.054	0.124	0.026	0.099	0.002	0.028	1467	541	2376	13	359	815	172	653	10	183
Men	Ringkøbing-Skjern	2017	1987	29	0.227	0.058	0.450	0.000	0.062	0.108	0.008	0.042	0.000	0.046	59	15	117	0	16	28	2	11	0	12
Men	Ringsted	2017	1987	29	0.267	0.044	0.417	0.000	0.083	0.100	0.011	0.050	0.006	0.022	48	8	75	0	15	18	2	9	1	4
Men	Roskilde	2017	1987	29	0.235	0.110	0.303	0.000	0.062	0.123	0.033	0.097	0.000	0.037	107	50	138	0	28	56	15	44	0	17
Men	Rudersdal	2017	1987	29	0.202	0.104	0.179	0.000	0.017	0.139	0.046	0.237	0.017	0.058	35	18	31	0	3	24	8	41	3	10
Men	Rødovre	2017	1987	29	0.209	0.109	0.289	0.000	0.067	0.067	0.029	0.163	0.000	0.067	50	26	69	0	16	16	7	39	0	16
Men	Samsø	2017	1987	29	0.250	0.083	0.417	0.000	0.000	0.167	0.083	0.000	0.000	0.000	3	1	5	0	0	2	1	0	0	0
Men	Silkeborg	2017	1987	29	0.230	0.109	0.313	0.004	0.079	0.136	0.015	0.088	0.000	0.026	105	50	143	2	36	62	7	40	0	12
Men	Skanderborg	2017	1987	29	0.174	0.089	0.333	0.000	0.109	0.147	0.023	0.097	0.000	0.027	45	23	86	0	28	38	6	25	0	7
Men	Skive	2017	1987	29	0.302	0.052	0.422	0.000	0.030	0.093	0.000	0.045	0.007	0.049	81	14	113	0	8	25	0	12	2	13
Men	Slagelse	2017	1987	29	0.312	0.069	0.358	0.000	0.042	0.091	0.022	0.064	0.004	0.038	141	31	162	0	19	41	10	29	2	17
Men	Solrød	2017	1987	29	0.239	0.113	0.394	0.000	0.056	0.070	0.042	0.070	0.000	0.014	17	8	28	0	4	5	3	5	0	1
Men	Sorø	2017	1987	29	0.301	0.075	0.444	0.000	0.023	0.075	0.008	0.068	0.000	0.008	40	10	59	0	3	10	1	9	0	1
Men	Stevns	2017	1987	29	0.338	0.050	0.300	0.000	0.063	0.075	0.013	0.138	0.000	0.025	27	4	24	0	5	6	1	11	0	2
Men	Struer	2017	1987	29	0.333	0.030	0.394	0.000	0.040	0.101	0.010	0.051	0.020	0.020	33	3	39	0	4	10	1	5	2	2
Men	Svendborg	2017	1987	29	0.247	0.092	0.386	0.000	0.032	0.139	0.024	0.044	0.000	0.036	62	23	97	0	8	35	6	11	0	9
Men	Syddjurs	2017	1987	29	0.318	0.054	0.399	0.007	0.027	0.095	0.007	0.074	0.000	0.020	47	8	59	1	4	14	1	11	0	3
Men	Sønderborg	2017	1987	29	0.251	0.079	0.389	0.003	0.037	0.101	0.014	0.099	0.000	0.028	89	28	138	1	13	36	5	35	0	10
Men	Thisted	2017	1987	29	0.280	0.084	0.396	0.000	0.036	0.089	0.004	0.076	0.004	0.031	63	19	89	0	8	20	1	17	1	7
Men	Tønder	2017	1987	29	0.264	0.067	0.451	0.000	0.031	0.093	0.005	0.041	0.005	0.041	51	13	87	0	6	18	1	8	1	8
Men	Tårnby	2017	1987	29	0.223	0.086	0.395	0.000	0.052	0.077	0.021	0.103	0.000	0.043	52	20	92	0	12	18	5	24	0	10
Men	Vallensbæk	2017	1987	29	0.149	0.057	0.287	0.000	0.069	0.103	0.046	0.218	0.000	0.069	13	5	25	0	6	9	4	19	0	6
Men	Varde	2017	1987	29	0.241	0.050	0.419	0.000	0.050	0.112	0.025	0.071	0.000	0.033	58	12	101	0	12	27	6	17	0	8
Men	Vejen	2017	1987	29	0.233	0.049	0.430	0.000	0.058	0.108	0.009	0.072	0.000	0.040	52	11	96	0	13	24	2	16	0	9
Men	Vejle	2017	1987	29	0.239	0.065	0.320	0.002	0.074	0.138	0.017	0.111	0.005	0.029	151	41	202	1	47	87	11	70	3	18
Men	Vesthimmerlands	2017	1987	29	0.318	0.089	0.359	0.005	0.042	0.109	0.005	0.042	0.000	0.031	61	17	69	1	8	21	1	8	0	6
Men	Viborg	2017	1987	29	0.226	0.066	0.405	0.000	0.082	0.109	0.012	0.071	0.002	0.027	127	37	227	0	46	61	7	40	1	15
Men	Vordingborg	2017	1987	29	0.350	0.051	0.407	0.000	0.034	0.068	0.006	0.056	0.000	0.028	62	9	72	0	6	12	1	10	0	5
Men	Ærø	2017	1987	29	0.222	0.000	0.556	0.000	0.111	0.111	0.000	0.000	0.000	0.000	4	0	10	0	2	2	0	0	0	0
Men	Aabenraa	2017	1987	29	0.233	0.060	0.466	0.000	0.045	0.090	0.019	0.056	0.000	0.030	62	16	124	0	12	24	5	15	0	8
Men	Aalborg	2017	1987	29	0.175	0.086	0.279	0.004	0.052	0.113	0.051	0.200	0.007	0.034	295	145	470	6	87	191	86	338	12	57
Men	Aarhus	2017	1987	29	0.125	0.104	0.182	0.006	0.063	0.167	0.070	0.246	0.009	0.028	394	328	575	20	200	527	221	778	30	87
Men and women	Albertslund	2017	1987	29	0.246	0.084	0.240	0.003	0.075	0.176	0.032	0.104	0.006	0.035	85	29	83	1	26	61	11	36	2	12
Men and women	All Denmark	2017	1987	29	0.166	0.079	0.253	0.001	0.051	0.176	0.044	0.194	0.004	0.030	11681	5559	17811	104	3610	12405	3102	13645	279	2130
Men and women	Allerød	2017	1987	29	0.129	0.107	0.200	0.000	0.036	0.257	0.036	0.214	0.000	0.021	18	15	28	0	5	36	5	30	0	3
Men and women	Assens	2017	1987	29	0.240	0.079	0.352	0.000	0.050	0.158	0.023	0.067	0.003	0.026	82	27	120	0	17	54	8	23	1	9
Men and women	Ballerup	2017	1987	29	0.217	0.088	0.307	0.004	0.063	0.155	0.014	0.119	0.000	0.033	106	43	150	2	31	76	7	58	0	16
Men and women	Billund	2017	1987	29	0.178	0.083	0.428	0.000	0.058	0.163	0.011	0.058	0.000	0.022	49	23	118	0	16	45	3	16	0	6
Men and women	Bornholm	2017	1987	29	0.264	0.049	0.419	0.000	0.019	0.155	0.015	0.057	0.000	0.023	70	13	111	0	5	41	4	15	0	6
Men and women	Brøndby	2017	1987	29	0.251	0.098	0.314	0.000	0.048	0.135	0.022	0.096	0.002	0.035	115	45	144	0	22	62	10	44	1	16
Men and women	Brønderslev	2017	1987	29	0.223	0.063	0.376	0.003	0.058	0.192	0.014	0.049	0.003	0.019	81	23	137	1	21	70	5	18	1	7
Men and women	Copenhagen	2017	1987	29	0.080	0.088	0.110	0.001	0.045	0.175	0.089	0.372	0.005	0.035	1212	1345	1679	9	685	2670	1356	5662	81	533
Men and women	Dragør	2017	1987	29	0.139	0.038	0.329	0.000	0.114	0.152	0.025	0.152	0.000	0.051	11	3	26	0	9	12	2	12	0	4
Men and women	Egedal	2017	1987	29	0.182	0.074	0.345	0.003	0.062	0.169	0.025	0.105	0.006	0.031	59	24	112	1	20	55	8	34	2	10
Men and women	Esbjerg	2017	1987	29	0.185	0.077	0.328	0.004	0.053	0.200	0.024	0.109	0.000	0.019	251	104	444	6	72	271	32	148	0	26
Men and women	Fanø	2017	1987	29	0.182	0.000	0.182	0.000	0.000	0.091	0.000	0.364	0.000	0.182	2	0	2	0	0	1	0	4	0	2
Men and women	Favrskov	2017	1987	29	0.195	0.059	0.316	0.000	0.074	0.202	0.012	0.119	0.010	0.012	79	24	128	0	30	82	5	48	4	5
Men and women	Faxe	2017	1987	29	0.252	0.057	0.443	0.000	0.053	0.119	0.009	0.053	0.003	0.009	80	18	141	0	17	38	3	17	1	3
Men and women	Fredensborg	2017	1987	29	0.224	0.067	0.252	0.000	0.067	0.166	0.035	0.128	0.003	0.058	70	21	79	0	21	52	11	40	1	18
Men and women	Fredericia	2017	1987	29	0.224	0.092	0.356	0.002	0.056	0.163	0.013	0.073	0.000	0.021	107	44	170	1	27	78	6	35	0	10
Men and women	Frederiksberg	2017	1987	29	0.063	0.075	0.084	0.000	0.046	0.165	0.082	0.441	0.005	0.039	135	159	179	0	98	352	175	939	10	83
Men and women	Frederikshavn	2017	1987	29	0.211	0.061	0.459	0.000	0.044	0.146	0.007	0.048	0.000	0.022	114	33	248	0	24	79	4	26	0	12
Men and women	Frederikssund	2017	1987	29	0.242	0.067	0.403	0.005	0.056	0.110	0.011	0.067	0.003	0.035	90	25	150	2	21	41	4	25	1	13
Men and women	Furesø	2017	1987	29	0.205	0.129	0.183	0.000	0.057	0.186	0.022	0.174	0.013	0.032	65	41	58	0	18	59	7	55	4	10
Men and women	Faaborg-Midtfyn	2017	1987	29	0.201	0.077	0.400	0.002	0.047	0.160	0.023	0.063	0.002	0.025	89	34	177	1	21	71	10	28	1	11
Men and women	Gentofte	2017	1987	29	0.110	0.083	0.107	0.000	0.046	0.247	0.041	0.291	0.007	0.069	83	63	81	0	35	187	31	220	5	52
Men and women	Gladsaxe	2017	1987	29	0.176	0.083	0.204	0.001	0.053	0.167	0.030	0.235	0.014	0.037	142	67	165	1	43	135	24	190	11	30
Men and women	Glostrup	2017	1987	29	0.215	0.097	0.270	0.000	0.073	0.161	0.021	0.133	0.003	0.027	71	32	89	0	24	53	7	44	1	9
Men and women	Greve	2017	1987	29	0.181	0.086	0.320	0.000	0.032	0.206	0.019	0.118	0.002	0.035	78	37	138	0	14	89	8	51	1	15
Men and women	Gribskov	2017	1987	29	0.251	0.096	0.336	0.004	0.041	0.166	0.018	0.070	0.004	0.015	68	26	91	1	11	45	5	19	1	4
Men and women	Guldborgsund	2017	1987	29	0.315	0.096	0.302	0.000	0.049	0.144	0.015	0.047	0.000	0.032	168	51	161	0	26	77	8	25	0	17
Men and women	Haderslev	2017	1987	29	0.239	0.079	0.400	0.000	0.038	0.132	0.019	0.075	0.000	0.017	125	41	209	0	20	69	10	39	0	9
Men and women	Halsnæs	2017	1987	29	0.297	0.106	0.341	0.000	0.041	0.130	0.008	0.049	0.004	0.024	73	26	84	0	10	32	2	12	1	6
Men and women	Hedensted	2017	1987	29	0.237	0.082	0.379	0.000	0.042	0.148	0.019	0.059	0.000	0.035	101	35	162	0	18	63	8	25	0	15
Men and women	Helsingør	2017	1987	29	0.248	0.074	0.312	0.000	0.050	0.182	0.020	0.092	0.000	0.022	124	37	156	0	25	91	10	46	0	11
Men and women	Herlev	2017	1987	29	0.221	0.093	0.253	0.000	0.042	0.187	0.028	0.159	0.000	0.017	64	27	73	0	12	54	8	46	0	5
Men and women	Herning	2017	1987	29	0.167	0.079	0.339	0.005	0.080	0.190	0.016	0.092	0.005	0.028	171	81	347	5	82	195	16	94	5	29
Men and women	Hillerød	2017	1987	29	0.168	0.072	0.320	0.000	0.060	0.202	0.022	0.118	0.002	0.036	70	30	133	0	25	84	9	49	1	15
Men and women	Hjørring	2017	1987	29	0.237	0.056	0.399	0.002	0.038	0.154	0.021	0.072	0.002	0.020	145	34	244	1	23	94	13	44	1	12
Men and women	Holbæk	2017	1987	29	0.265	0.076	0.378	0.000	0.047	0.142	0.014	0.061	0.000	0.017	168	48	240	0	30	90	9	39	0	11
Men and women	Holstebro	2017	1987	29	0.200	0.076	0.350	0.006	0.061	0.206	0.012	0.075	0.001	0.013	139	53	243	4	42	143	8	52	1	9
Men and women	Horsens	2017	1987	29	0.191	0.088	0.326	0.005	0.065	0.194	0.014	0.083	0.003	0.030	202	93	344	5	69	205	15	88	3	32
Men and women	Hvidovre	2017	1987	29	0.214	0.098	0.284	0.001	0.063	0.146	0.043	0.118	0.001	0.031	144	66	191	1	42	98	29	79	1	21
Men and women	Høje-Taastrup	2017	1987	29	0.225	0.098	0.275	0.002	0.062	0.168	0.018	0.093	0.005	0.055	135	59	165	1	37	101	11	56	3	33
Men and women	Hørsholm	2017	1987	29	0.186	0.118	0.161	0.000	0.062	0.180	0.043	0.211	0.000	0.037	30	19	26	0	10	29	7	34	0	6
Men and women	Ikast-Brande	2017	1987	29	0.211	0.042	0.360	0.007	0.072	0.164	0.005	0.087	0.007	0.045	85	17	145	3	29	66	2	35	3	18
Men and women	Ishøj	2017	1987	29	0.194	0.099	0.273	0.000	0.066	0.164	0.039	0.128	0.000	0.036	59	30	83	0	20	50	12	39	0	11
Men and women	Jammerbugt	2017	1987	29	0.250	0.067	0.411	0.003	0.035	0.145	0.011	0.046	0.000	0.032	93	25	153	1	13	54	4	17	0	12
Men and women	Kalundborg	2017	1987	29	0.322	0.047	0.379	0.000	0.047	0.099	0.019	0.061	0.002	0.024	137	20	161	0	20	42	8	26	1	10
Men and women	Kerteminde	2017	1987	29	0.262	0.073	0.366	0.005	0.037	0.157	0.005	0.052	0.000	0.042	50	14	70	1	7	30	1	10	0	8
Men and women	Kolding	2017	1987	29	0.200	0.069	0.286	0.000	0.075	0.184	0.025	0.129	0.000	0.031	207	72	297	0	78	191	26	134	0	32
Men and women	Køge	2017	1987	29	0.226	0.084	0.358	0.000	0.050	0.158	0.020	0.077	0.002	0.027	127	47	201	0	28	89	11	43	1	15
Men and women	Langeland	2017	1987	29	0.198	0.059	0.386	0.000	0.030	0.188	0.000	0.079	0.010	0.050	20	6	39	0	3	19	0	8	1	5
Men and women	Lejre	2017	1987	29	0.190	0.047	0.346	0.000	0.028	0.156	0.047	0.147	0.005	0.033	40	10	73	0	6	33	10	31	1	7
Men and women	Lemvig	2017	1987	29	0.235	0.070	0.417	0.000	0.043	0.160	0.011	0.059	0.000	0.005	44	13	78	0	8	30	2	11	0	1
Men and women	Lolland	2017	1987	29	0.372	0.068	0.366	0.000	0.029	0.109	0.006	0.024	0.000	0.027	126	23	124	0	10	37	2	8	0	9
Men and women	Lyngby-Taarbæk	2017	1987	29	0.126	0.095	0.175	0.000	0.031	0.166	0.031	0.299	0.022	0.056	70	53	97	0	17	92	17	166	12	31
Men and women	Læsø	2017	1987	29	0.222	0.222	0.222	0.000	0.111	0.111	0.111	0.000	0.000	0.000	2	2	2	0	1	1	1	0	0	0
Men and women	Mariagerfjord	2017	1987	29	0.201	0.036	0.413	0.000	0.045	0.176	0.022	0.075	0.000	0.031	72	13	148	0	16	63	8	27	0	11
Men and women	Middelfart	2017	1987	29	0.238	0.017	0.378	0.000	0.051	0.173	0.041	0.088	0.000	0.014	70	5	111	0	15	51	12	26	0	4
Men and women	Morsø	2017	1987	29	0.300	0.039	0.401	0.000	0.058	0.116	0.010	0.034	0.010	0.034	62	8	83	0	12	24	2	7	2	7
Men and women	Norddjurs	2017	1987	29	0.211	0.090	0.438	0.000	0.060	0.121	0.014	0.030	0.003	0.033	77	33	160	0	22	44	5	11	1	12
Men and women	Nordfyns	2017	1987	29	0.221	0.031	0.394	0.000	0.049	0.150	0.018	0.102	0.004	0.031	50	7	89	0	11	34	4	23	1	7
Men and women	Nyborg	2017	1987	29	0.281	0.084	0.328	0.000	0.029	0.164	0.018	0.077	0.000	0.018	77	23	90	0	8	45	5	21	0	5
Men and women	Næstved	2017	1987	29	0.211	0.063	0.373	0.000	0.062	0.192	0.020	0.052	0.001	0.027	181	54	320	0	53	165	17	45	1	23
Men and women	Odder	2017	1987	29	0.199	0.058	0.403	0.000	0.052	0.136	0.026	0.099	0.000	0.026	38	11	77	0	10	26	5	19	0	5
Men and women	Odense	2017	1987	29	0.146	0.087	0.222	0.003	0.047	0.221	0.059	0.183	0.003	0.028	427	256	650	8	139	649	173	537	9	83
Men and women	Odsherred	2017	1987	29	0.359	0.056	0.378	0.000	0.028	0.088	0.012	0.036	0.000	0.044	90	14	95	0	7	22	3	9	0	11
Men and women	Randers	2017	1987	29	0.210	0.069	0.371	0.001	0.073	0.169	0.015	0.065	0.004	0.024	224	74	396	1	78	180	16	69	4	26
Men and women	Rebild	2017	1987	29	0.197	0.062	0.328	0.004	0.040	0.179	0.007	0.164	0.000	0.018	54	17	90	1	11	49	2	45	0	5
Men and women	Region Hovedstaden	2017	1987	29	0.123	0.087	0.165	0.001	0.048	0.173	0.066	0.295	0.005	0.037	3419	2422	4604	21	1342	4806	1832	8207	144	1025
Men and women	Region Midtjylland	2017	1987	29	0.166	0.078	0.277	0.003	0.060	0.190	0.036	0.160	0.005	0.025	2621	1228	4380	46	955	3009	567	2524	72	398
Men and women	Region Nordjylland	2017	1987	29	0.193	0.067	0.326	0.002	0.048	0.168	0.030	0.134	0.003	0.028	1263	440	2134	16	314	1096	196	877	20	183
Men and women	Region Sjælland	2017	1987	29	0.253	0.072	0.350	0.000	0.049	0.153	0.019	0.076	0.002	0.025	1896	539	2621	0	369	1150	143	570	15	191
Men and women	Region Syddanmark	2017	1987	29	0.196	0.073	0.321	0.002	0.050	0.185	0.029	0.116	0.002	0.026	2482	930	4072	21	630	2344	364	1467	28	333
Men and women	Ringkøbing-Skjern	2017	1987	29	0.203	0.054	0.402	0.000	0.062	0.169	0.008	0.054	0.002	0.046	101	27	200	0	31	84	4	27	1	23
Men and women	Ringsted	2017	1987	29	0.238	0.059	0.376	0.000	0.068	0.153	0.018	0.074	0.003	0.012	81	20	128	0	23	52	6	25	1	4
Men and women	Roskilde	2017	1987	29	0.181	0.093	0.280	0.000	0.057	0.189	0.027	0.142	0.002	0.029	148	76	229	0	47	155	22	116	2	24
Men and women	Rudersdal	2017	1987	29	0.146	0.107	0.149	0.003	0.017	0.185	0.048	0.281	0.011	0.053	52	38	53	1	6	66	17	100	4	19
Men and women	Rødovre	2017	1987	29	0.187	0.094	0.274	0.000	0.060	0.147	0.049	0.140	0.004	0.045	88	44	129	0	28	69	23	66	2	21
Men and women	Samsø	2017	1987	29	0.280	0.080	0.400	0.000	0.000	0.120	0.040	0.080	0.000	0.000	7	2	10	0	0	3	1	2	0	0
Men and women	Silkeborg	2017	1987	29	0.211	0.086	0.282	0.003	0.064	0.210	0.018	0.105	0.000	0.020	186	76	248	3	56	185	16	92	0	18
Men and women	Skanderborg	2017	1987	29	0.158	0.075	0.290	0.000	0.095	0.189	0.034	0.134	0.000	0.026	80	38	147	0	48	96	17	68	0	13
Men and women	Skive	2017	1987	29	0.244	0.065	0.387	0.000	0.052	0.147	0.006	0.058	0.006	0.034	121	32	192	0	26	73	3	29	3	17
Men and women	Slagelse	2017	1987	29	0.279	0.069	0.330	0.000	0.048	0.149	0.020	0.076	0.004	0.026	234	58	277	0	40	125	17	64	3	22
Men and women	Solrød	2017	1987	29	0.187	0.100	0.340	0.000	0.080	0.120	0.027	0.100	0.007	0.040	28	15	51	0	12	18	4	15	1	6
Men and women	Sorø	2017	1987	29	0.245	0.066	0.425	0.000	0.033	0.121	0.022	0.077	0.000	0.011	67	18	116	0	9	33	6	21	0	3
Men and women	Stevns	2017	1987	29	0.273	0.062	0.273	0.000	0.062	0.161	0.031	0.112	0.012	0.012	44	10	44	0	10	26	5	18	2	2
Men and women	Struer	2017	1987	29	0.272	0.056	0.370	0.000	0.031	0.142	0.012	0.093	0.012	0.012	44	9	60	0	5	23	2	15	2	2
Men and women	Svendborg	2017	1987	29	0.225	0.096	0.336	0.000	0.034	0.199	0.021	0.056	0.002	0.030	105	45	157	0	16	93	10	26	1	14
Men and women	Syddjurs	2017	1987	29	0.241	0.071	0.346	0.003	0.054	0.159	0.014	0.092	0.000	0.020	71	21	102	1	16	47	4	27	0	6
Men and women	Sønderborg	2017	1987	29	0.217	0.068	0.353	0.003	0.042	0.168	0.019	0.105	0.000	0.025	146	46	238	2	28	113	13	71	0	17
Men and women	Thisted	2017	1987	29	0.241	0.090	0.336	0.000	0.055	0.162	0.005	0.085	0.002	0.025	97	36	135	0	22	65	2	34	1	10
Men and women	Tønder	2017	1987	29	0.236	0.062	0.427	0.000	0.039	0.129	0.006	0.065	0.003	0.034	84	22	152	0	14	46	2	23	1	12
Men and women	Tårnby	2017	1987	29	0.195	0.066	0.330	0.002	0.053	0.162	0.021	0.130	0.000	0.041	85	29	144	1	23	71	9	57	0	18
Men and women	Vallensbæk	2017	1987	29	0.137	0.071	0.247	0.000	0.071	0.176	0.060	0.187	0.000	0.049	25	13	45	0	13	32	11	34	0	9
Men and women	Varde	2017	1987	29	0.206	0.052	0.383	0.000	0.048	0.165	0.022	0.093	0.002	0.030	95	24	177	0	22	76	10	43	1	14
Men and women	Vejen	2017	1987	29	0.201	0.055	0.391	0.000	0.050	0.161	0.019	0.086	0.007	0.029	84	23	163	0	21	67	8	36	3	12
Men and women	Vejle	2017	1987	29	0.199	0.064	0.290	0.002	0.058	0.192	0.019	0.144	0.004	0.028	246	79	359	2	72	237	24	178	5	35
Men and women	Vesthimmerlands	2017	1987	29	0.287	0.079	0.352	0.003	0.035	0.165	0.008	0.049	0.000	0.022	106	29	130	1	13	61	3	18	0	8
Men and women	Viborg	2017	1987	29	0.192	0.063	0.350	0.000	0.063	0.189	0.015	0.103	0.004	0.021	209	69	381	0	69	206	16	112	4	23
Men and women	Vordingborg	2017	1987	29	0.285	0.058	0.352	0.000	0.049	0.170	0.012	0.049	0.000	0.026	99	20	122	0	17	59	4	17	0	9
Men and women	Ærø	2017	1987	29	0.176	0.029	0.500	0.000	0.059	0.176	0.000	0.059	0.000	0.000	6	1	17	0	2	6	0	2	0	0
Men and women	Aabenraa	2017	1987	29	0.202	0.062	0.409	0.000	0.039	0.180	0.013	0.066	0.007	0.022	110	34	223	0	21	98	7	36	4	12
Men and women	Aalborg	2017	1987	29	0.144	0.073	0.252	0.004	0.052	0.177	0.050	0.211	0.005	0.033	437	220	764	11	158	536	152	641	15	99
Men and women	Aarhus	2017	1987	29	0.107	0.086	0.159	0.004	0.052	0.209	0.070	0.282	0.007	0.024	642	520	960	24	316	1258	422	1700	41	144
Women	Albertslund	2017	1987	29	0.190	0.073	0.257	0.006	0.095	0.229	0.045	0.084	0.006	0.017	34	13	46	1	17	41	8	15	1	3
Women	All Denmark	2017	1987	29	0.135	0.069	0.216	0.001	0.050	0.235	0.047	0.216	0.004	0.027	4632	2362	7400	38	1714	8044	1621	7384	120	926
Women	Allerød	2017	1987	29	0.108	0.108	0.122	0.000	0.041	0.378	0.027	0.203	0.000	0.014	8	8	9	0	3	28	2	15	0	1
Women	Assens	2017	1987	29	0.229	0.071	0.306	0.000	0.041	0.200	0.035	0.082	0.006	0.029	39	12	52	0	7	34	6	14	1	5
Women	Ballerup	2017	1987	29	0.150	0.081	0.312	0.004	0.065	0.211	0.016	0.130	0.000	0.032	37	20	77	1	16	52	4	32	0	8
Women	Billund	2017	1987	29	0.143	0.098	0.383	0.000	0.038	0.233	0.008	0.075	0.000	0.023	19	13	51	0	5	31	1	10	0	3
Women	Bornholm	2017	1987	29	0.244	0.041	0.358	0.000	0.033	0.252	0.000	0.049	0.000	0.024	30	5	44	0	4	31	0	6	0	3
Women	Brøndby	2017	1987	29	0.238	0.106	0.256	0.000	0.062	0.163	0.026	0.115	0.000	0.035	54	24	58	0	14	37	6	26	0	8
Women	Brønderslev	2017	1987	29	0.181	0.082	0.298	0.000	0.047	0.281	0.018	0.082	0.006	0.006	31	14	51	0	8	48	3	14	1	1
Women	Copenhagen	2017	1987	29	0.059	0.072	0.089	0.001	0.046	0.209	0.092	0.394	0.005	0.032	459	562	694	4	359	1620	714	3059	37	250
Women	Dragør	2017	1987	29	0.119	0.024	0.333	0.000	0.119	0.167	0.024	0.190	0.000	0.024	5	1	14	0	5	7	1	8	0	1
Women	Egedal	2017	1987	29	0.159	0.091	0.273	0.006	0.063	0.222	0.034	0.119	0.011	0.023	28	16	48	1	11	39	6	21	2	4
Women	Esbjerg	2017	1987	29	0.171	0.073	0.264	0.005	0.047	0.283	0.027	0.114	0.000	0.017	108	46	167	3	30	179	17	72	0	11
Women	Fanø	2017	1987	29	0.000	0.000	0.286	0.000	0.000	0.143	0.000	0.429	0.000	0.143	0	0	2	0	0	1	0	3	0	1
Women	Favrskov	2017	1987	29	0.183	0.054	0.248	0.000	0.059	0.248	0.015	0.168	0.010	0.015	37	11	50	0	12	50	3	34	2	3
Women	Faxe	2017	1987	29	0.226	0.022	0.431	0.000	0.066	0.175	0.015	0.058	0.000	0.007	31	3	59	0	9	24	2	8	0	1
Women	Fredensborg	2017	1987	29	0.173	0.060	0.200	0.000	0.073	0.253	0.040	0.160	0.000	0.040	26	9	30	0	11	38	6	24	0	6
Women	Fredericia	2017	1987	29	0.196	0.077	0.319	0.004	0.051	0.217	0.013	0.098	0.000	0.026	46	18	75	1	12	51	3	23	0	6
Women	Frederiksberg	2017	1987	29	0.047	0.067	0.071	0.000	0.048	0.200	0.073	0.449	0.004	0.040	51	72	77	0	52	216	79	485	4	43
Women	Frederikshavn	2017	1987	29	0.163	0.063	0.418	0.000	0.038	0.222	0.013	0.067	0.000	0.017	39	15	100	0	9	53	3	16	0	4
Women	Frederikssund	2017	1987	29	0.208	0.038	0.355	0.011	0.066	0.180	0.016	0.098	0.005	0.022	38	7	65	2	12	33	3	18	1	4
Women	Furesø	2017	1987	29	0.200	0.125	0.138	0.000	0.044	0.275	0.019	0.175	0.000	0.025	32	20	22	0	7	44	3	28	0	4
Women	Faaborg-Midtfyn	2017	1987	29	0.181	0.069	0.329	0.000	0.042	0.250	0.023	0.083	0.005	0.019	39	15	71	0	9	54	5	18	1	4
Women	Gentofte	2017	1987	29	0.079	0.072	0.088	0.000	0.042	0.312	0.039	0.293	0.002	0.074	34	31	38	0	18	135	17	127	1	32
Women	Gladsaxe	2017	1987	29	0.173	0.061	0.207	0.000	0.041	0.204	0.036	0.232	0.010	0.036	68	24	81	0	16	80	14	91	4	14
Women	Glostrup	2017	1987	29	0.187	0.097	0.213	0.000	0.065	0.239	0.039	0.123	0.006	0.032	29	15	33	0	10	37	6	19	1	5
Women	Greve	2017	1987	29	0.123	0.068	0.306	0.000	0.030	0.285	0.021	0.132	0.004	0.030	29	16	72	0	7	67	5	31	1	7
Women	Gribskov	2017	1987	29	0.201	0.112	0.269	0.000	0.075	0.231	0.015	0.075	0.007	0.015	27	15	36	0	10	31	2	10	1	2
Women	Guldborgsund	2017	1987	29	0.298	0.086	0.241	0.000	0.069	0.220	0.020	0.041	0.000	0.024	73	21	59	0	17	54	5	10	0	6
Women	Haderslev	2017	1987	29	0.206	0.056	0.361	0.000	0.040	0.179	0.028	0.111	0.000	0.020	52	14	91	0	10	45	7	28	0	5
Women	Halsnæs	2017	1987	29	0.286	0.135	0.262	0.000	0.024	0.206	0.016	0.063	0.008	0.000	36	17	33	0	3	26	2	8	1	0
Women	Hedensted	2017	1987	29	0.222	0.088	0.315	0.000	0.037	0.222	0.032	0.065	0.000	0.019	48	19	68	0	8	48	7	14	0	4
Women	Helsingør	2017	1987	29	0.220	0.056	0.268	0.000	0.060	0.256	0.028	0.084	0.000	0.028	55	14	67	0	15	64	7	21	0	7
Women	Herlev	2017	1987	29	0.194	0.072	0.237	0.000	0.065	0.237	0.022	0.173	0.000	0.000	27	10	33	0	9	33	3	24	0	0
Women	Herning	2017	1987	29	0.115	0.077	0.286	0.004	0.085	0.279	0.023	0.104	0.006	0.019	54	36	134	2	40	131	11	49	3	9
Women	Hillerød	2017	1987	29	0.139	0.095	0.323	0.000	0.035	0.244	0.035	0.119	0.000	0.010	28	19	65	0	7	49	7	24	0	2
Women	Hjørring	2017	1987	29	0.195	0.058	0.357	0.000	0.029	0.245	0.029	0.076	0.000	0.011	54	16	99	0	8	68	8	21	0	3
Women	Holbæk	2017	1987	29	0.199	0.086	0.356	0.000	0.055	0.196	0.012	0.074	0.000	0.021	65	28	116	0	18	64	4	24	0	7
Women	Holstebro	2017	1987	29	0.150	0.067	0.305	0.009	0.053	0.296	0.012	0.097	0.000	0.012	51	23	104	3	18	101	4	33	0	4
Women	Horsens	2017	1987	29	0.135	0.095	0.274	0.002	0.077	0.260	0.014	0.115	0.004	0.024	67	47	136	1	38	129	7	57	2	12
Women	Hvidovre	2017	1987	29	0.176	0.085	0.219	0.003	0.085	0.216	0.043	0.131	0.000	0.043	58	28	72	1	28	71	14	43	0	14
Women	Høje-Taastrup	2017	1987	29	0.180	0.085	0.261	0.004	0.049	0.244	0.014	0.106	0.000	0.057	51	24	74	1	14	69	4	30	0	16
Women	Hørsholm	2017	1987	29	0.176	0.082	0.094	0.000	0.047	0.271	0.071	0.212	0.000	0.047	15	7	8	0	4	23	6	18	0	4
Women	Ikast-Brande	2017	1987	29	0.154	0.031	0.318	0.000	0.067	0.246	0.005	0.133	0.005	0.041	30	6	62	0	13	48	1	26	1	8
Women	Ishøj	2017	1987	29	0.188	0.058	0.253	0.000	0.065	0.221	0.065	0.123	0.000	0.026	29	9	39	0	10	34	10	19	0	4
Women	Jammerbugt	2017	1987	29	0.190	0.063	0.407	0.000	0.032	0.222	0.011	0.058	0.000	0.016	36	12	77	0	6	42	2	11	0	3
Women	Kalundborg	2017	1987	29	0.302	0.051	0.312	0.000	0.065	0.153	0.023	0.074	0.000	0.019	65	11	67	0	14	33	5	16	0	4
Women	Kerteminde	2017	1987	29	0.233	0.058	0.349	0.000	0.058	0.186	0.012	0.058	0.000	0.047	20	5	30	0	5	16	1	5	0	4
Women	Kolding	2017	1987	29	0.186	0.064	0.246	0.000	0.070	0.240	0.030	0.138	0.000	0.028	93	32	123	0	35	120	15	69	0	14
Women	Køge	2017	1987	29	0.186	0.072	0.308	0.000	0.042	0.221	0.038	0.099	0.000	0.034	49	19	81	0	11	58	10	26	0	9
Women	Langeland	2017	1987	29	0.087	0.043	0.326	0.000	0.043	0.326	0.000	0.109	0.022	0.043	4	2	15	0	2	15	0	5	1	2
Women	Lejre	2017	1987	29	0.171	0.057	0.286	0.000	0.019	0.210	0.076	0.133	0.010	0.038	18	6	30	0	2	22	8	14	1	4
Women	Lemvig	2017	1987	29	0.233	0.089	0.322	0.000	0.067	0.244	0.011	0.033	0.000	0.000	21	8	29	0	6	22	1	3	0	0
Women	Lolland	2017	1987	29	0.376	0.054	0.329	0.000	0.040	0.154	0.007	0.020	0.000	0.020	56	8	49	0	6	23	1	3	0	3
Women	Lyngby-Taarbæk	2017	1987	29	0.072	0.072	0.136	0.000	0.030	0.229	0.034	0.331	0.030	0.068	17	17	32	0	7	54	8	78	7	16
Women	Læsø	2017	1987	29	0.000	0.250	0.250	0.000	0.250	0.000	0.250	0.000	0.000	0.000	0	1	1	0	1	0	1	0	0	0
Women	Mariagerfjord	2017	1987	29	0.143	0.032	0.376	0.000	0.053	0.243	0.032	0.095	0.000	0.026	27	6	71	0	10	46	6	18	0	5
Women	Middelfart	2017	1987	29	0.167	0.013	0.340	0.000	0.060	0.233	0.060	0.113	0.000	0.013	25	2	51	0	9	35	9	17	0	2
Women	Morsø	2017	1987	29	0.267	0.081	0.349	0.000	0.047	0.186	0.000	0.023	0.012	0.035	23	7	30	0	4	16	0	2	1	3
Women	Norddjurs	2017	1987	29	0.206	0.074	0.389	0.000	0.063	0.194	0.017	0.029	0.000	0.029	36	13	68	0	11	34	3	5	0	5
Women	Nordfyns	2017	1987	29	0.210	0.040	0.350	0.000	0.050	0.190	0.000	0.100	0.010	0.050	21	4	35	0	5	19	0	10	1	5
Women	Nyborg	2017	1987	29	0.267	0.053	0.287	0.000	0.033	0.207	0.027	0.107	0.000	0.020	40	8	43	0	5	31	4	16	0	3
Women	Næstved	2017	1987	29	0.207	0.049	0.298	0.000	0.077	0.254	0.026	0.072	0.002	0.014	89	21	128	0	33	109	11	31	1	6
Women	Odder	2017	1987	29	0.183	0.058	0.327	0.000	0.067	0.154	0.029	0.144	0.000	0.038	19	6	34	0	7	16	3	15	0	4
Women	Odense	2017	1987	29	0.117	0.063	0.186	0.001	0.039	0.299	0.062	0.202	0.002	0.028	162	88	259	2	54	415	86	281	3	39
Women	Odsherred	2017	1987	29	0.325	0.060	0.350	0.000	0.034	0.120	0.026	0.034	0.000	0.051	38	7	41	0	4	14	3	4	0	6
Women	Randers	2017	1987	29	0.176	0.054	0.320	0.002	0.060	0.274	0.010	0.078	0.002	0.024	88	27	160	1	30	137	5	39	1	12
Women	Rebild	2017	1987	29	0.155	0.062	0.256	0.000	0.039	0.287	0.000	0.186	0.000	0.016	20	8	33	0	5	37	0	24	0	2
Women	Region Hovedstaden	2017	1987	29	0.098	0.074	0.139	0.001	0.050	0.218	0.069	0.312	0.004	0.034	1376	1042	1949	13	695	3063	968	4383	63	476
Women	Region Midtjylland	2017	1987	29	0.135	0.068	0.236	0.002	0.054	0.255	0.038	0.189	0.003	0.021	1018	511	1781	12	408	1924	284	1425	25	156
Women	Region Nordjylland	2017	1987	29	0.151	0.061	0.289	0.002	0.047	0.248	0.031	0.146	0.002	0.023	451	183	863	5	141	740	92	436	5	68
Women	Region Sjælland	2017	1987	29	0.214	0.066	0.308	0.000	0.055	0.219	0.024	0.090	0.002	0.021	772	237	1111	0	199	788	85	326	9	76
Women	Region Syddanmark	2017	1987	29	0.167	0.064	0.279	0.001	0.045	0.251	0.032	0.134	0.003	0.025	1015	389	1696	8	271	1529	192	814	18	150
Women	Ringkøbing-Skjern	2017	1987	29	0.176	0.050	0.349	0.000	0.063	0.235	0.008	0.067	0.004	0.046	42	12	83	0	15	56	2	16	1	11
Women	Ringsted	2017	1987	29	0.206	0.075	0.331	0.000	0.050	0.213	0.025	0.100	0.000	0.000	33	12	53	0	8	34	4	16	0	0
Women	Roskilde	2017	1987	29	0.113	0.071	0.250	0.000	0.052	0.272	0.019	0.198	0.005	0.019	41	26	91	0	19	99	7	72	2	7
Women	Rudersdal	2017	1987	29	0.093	0.109	0.120	0.005	0.016	0.230	0.049	0.322	0.005	0.049	17	20	22	1	3	42	9	59	1	9
Women	Rødovre	2017	1987	29	0.165	0.078	0.260	0.000	0.052	0.229	0.069	0.117	0.009	0.022	38	18	60	0	12	53	16	27	2	5
Women	Samsø	2017	1987	29	0.308	0.077	0.385	0.000	0.000	0.077	0.000	0.154	0.000	0.000	4	1	5	0	0	1	0	2	0	0
Women	Silkeborg	2017	1987	29	0.191	0.061	0.248	0.002	0.047	0.291	0.021	0.123	0.000	0.014	81	26	105	1	20	123	9	52	0	6
Women	Skanderborg	2017	1987	29	0.141	0.060	0.245	0.000	0.080	0.233	0.044	0.173	0.000	0.024	35	15	61	0	20	58	11	43	0	6
Women	Skive	2017	1987	29	0.175	0.079	0.346	0.000	0.079	0.211	0.013	0.075	0.004	0.018	40	18	79	0	18	48	3	17	1	4
Women	Slagelse	2017	1987	29	0.240	0.070	0.296	0.000	0.054	0.216	0.018	0.090	0.003	0.013	93	27	115	0	21	84	7	35	1	5
Women	Solrød	2017	1987	29	0.139	0.089	0.291	0.000	0.101	0.165	0.013	0.127	0.013	0.063	11	7	23	0	8	13	1	10	1	5
Women	Sorø	2017	1987	29	0.193	0.057	0.407	0.000	0.043	0.164	0.036	0.086	0.000	0.014	27	8	57	0	6	23	5	12	0	2
Women	Stevns	2017	1987	29	0.210	0.074	0.247	0.000	0.062	0.247	0.049	0.086	0.025	0.000	17	6	20	0	5	20	4	7	2	0
Women	Struer	2017	1987	29	0.175	0.095	0.333	0.000	0.016	0.206	0.016	0.159	0.000	0.000	11	6	21	0	1	13	1	10	0	0
Women	Svendborg	2017	1987	29	0.199	0.102	0.278	0.000	0.037	0.269	0.019	0.069	0.005	0.023	43	22	60	0	8	58	4	15	1	5
Women	Syddjurs	2017	1987	29	0.163	0.088	0.293	0.000	0.082	0.224	0.020	0.109	0.000	0.020	24	13	43	0	12	33	3	16	0	3
Women	Sønderborg	2017	1987	29	0.179	0.056	0.313	0.003	0.047	0.241	0.025	0.113	0.000	0.022	57	18	100	1	15	77	8	36	0	7
Women	Thisted	2017	1987	29	0.192	0.096	0.260	0.000	0.079	0.254	0.006	0.096	0.000	0.017	34	17	46	0	14	45	1	17	0	3
Women	Tønder	2017	1987	29	0.202	0.055	0.399	0.000	0.049	0.172	0.006	0.092	0.000	0.025	33	9	65	0	8	28	1	15	0	4
Women	Tårnby	2017	1987	29	0.162	0.044	0.255	0.005	0.054	0.260	0.020	0.162	0.000	0.039	33	9	52	1	11	53	4	33	0	8
Women	Vallensbæk	2017	1987	29	0.126	0.084	0.211	0.000	0.074	0.242	0.074	0.158	0.000	0.032	12	8	20	0	7	23	7	15	0	3
Women	Varde	2017	1987	29	0.167	0.054	0.344	0.000	0.045	0.222	0.018	0.118	0.005	0.027	37	12	76	0	10	49	4	26	1	6
Women	Vejen	2017	1987	29	0.165	0.062	0.345	0.000	0.041	0.222	0.031	0.103	0.015	0.015	32	12	67	0	8	43	6	20	3	3
Women	Vejle	2017	1987	29	0.157	0.063	0.259	0.002	0.041	0.248	0.021	0.178	0.003	0.028	95	38	157	1	25	150	13	108	2	17
Women	Vesthimmerlands	2017	1987	29	0.254	0.068	0.345	0.000	0.028	0.226	0.011	0.056	0.000	0.011	45	12	61	0	5	40	2	10	0	2
Women	Viborg	2017	1987	29	0.155	0.061	0.292	0.000	0.044	0.275	0.017	0.136	0.006	0.015	82	32	154	0	23	145	9	72	3	8
Women	Vordingborg	2017	1987	29	0.218	0.065	0.294	0.000	0.065	0.276	0.018	0.041	0.000	0.024	37	11	50	0	11	47	3	7	0	4
Women	Ærø	2017	1987	29	0.125	0.063	0.438	0.000	0.000	0.250	0.000	0.125	0.000	0.000	2	1	7	0	0	4	0	2	0	0
Women	Aabenraa	2017	1987	29	0.172	0.065	0.355	0.000	0.032	0.265	0.007	0.075	0.014	0.014	48	18	99	0	9	74	2	21	4	4
Women	Aalborg	2017	1987	29	0.105	0.056	0.218	0.004	0.053	0.256	0.049	0.225	0.002	0.031	142	75	294	5	71	345	66	303	3	42
Women	Aarhus	2017	1987	29	0.087	0.067	0.134	0.001	0.040	0.255	0.070	0.322	0.004	0.020	248	192	385	4	116	731	201	922	11	57
